**003584009430
009077309490 
009282709410 
028876506000 
003954909490 
009358409420 
009361809420 
004026609480 
027820806060 
004042409470 
009355909430 
009326809450 
009221609400 
009365009410 
009354909460 
009319709410 
009353509420 
073154412170 
002098009451 
105924610070 
022875706970 
008550809410 
014325712120 
008430909451 
118531710040 
013995406220 
003220309410 
008211909490 
009139309470 
009360209400 
000582509450 
009367409430 
009352609430 
009364609480 
009362309450 
009367109460 
009367609410 
009337209480 
009304009400 
009362809400 
009364509490 
009355109410 
008151109450 
009365609450 
008910109440 
009366609430 
009363509410 
009361709430 
008914709400 
009010209410 
008535509450 
008994109480 
009022609420 
009363209440 
004089209400 
076718812120 
009332509460 
008611109480 
009299509470 
009364109430 
009345309400 
009297009460 
009099709490 
009359309410 
008390009400 
008671309400 
008931509460 
009299409480 
054058606500 
053873906500 
009365909420 
009347509440 
008951809410 
009285109400 
009336609460 
009341609460 
009365709440 
009210309460 
009342009400 
003934309470 
008404009490 
009249209450 
009181109410 
009365509460 
003875009450 
004042509460 
009086509480 
008932709420 
062427612180 
008621709410 
009368509400 
008671109420 
009285409470 
009336209400 
009368809470 
009029709461 
122380810090 
003320309490 
000683109450 
008068309490 
017087507060 
008793409410 
009281209480 
009345909440 
004023809430 
003649209420 
008857909490 
009364209420 
008681609460 
008859409400 
009170009450 
037419306180 
008264709400 
009261009420 
003935009470 
009097909410 
003091509440 
008211809400 
008926809430 
008739209460 
009169609410 
008681809440 
008219609450 
008543609480 
008462409430 
009363709490 
003585109490 
009289809450 
063831412120 
009366209470 
003327009470 
009289609470 
008361309480 
008188109470 
008195409490 
009367209450 
009349209430 
002615809480 
009235509410 
009208409490 
009352809410 
009350309400 
016415107040 
008044009430 
002382309400 
009270709460 
008766509460 
076305112150 
009010309400 
009353909480 
008894709440 
003012609490 
008870709440 
009367909480 
009367809490 
008710609430 
008766709440 
003464209460 
009349109440 
009106809410 
003327209450 
009200609440 
009106009490 
009198209440 
009351409470 
009364309410 
003952209400 
009353609410 
009370209490 
008040309480 
008661809460 
009126209450 
003655209490 
009369009430 
009369209410 
009221409420 
008333509450 
000322709440 
009217209420 
008230209460 
008017909400 
009281609440 
009273609410 
009220409440 
009323109490 
008605309480 
009366909400 
025164006900 
008566209430 
008708909440 
009366509440 
009291909400 
003466409490 
017409207050 
008497209410 
003340009400 
009236709470 
009356209480 
008814809410 
040868206120 
008239909400 
038298006180 
014584604980 
009171409490 
008503609420 
003922209430 
008490109470 
009212209431 
130552210091 
108400610050 
027175705980 
025868706080 
023685906970 
008431509470 
009071709480 
003666109471 
124748510080 
008679909470 
002831709420 
009234409450 
003066909420 
008161009450 
013207510090 
009344309430 
009241009440 
035821606140 
039119706180 
009372309440 
009380109490 
009375209480 
009381909490 
009381209460 
009376409440 
009383409400 
009383009440 
009371209470 
081211412150 
009372509420 
009371309460 
078072707280 
009377109450 
018403205090 
009376009480 
009376509430 
009377409420 
009372609410 
009373509400 
009384709450 
009385809410 
009385409450 
009375809420 
009385509440 
009383709470 
009384409480 
009372809490 
009376309450 
009374509480 
009369309400 
009290109400 
009368209430 
009374809450 
009389609450 
009386909480 
008709109400 
008903109490 
009373709480 
009376609420 
009380209480 
009379809440 
009358909470 
009381709410 
009378609480 
009380909410 
009382209440 
009391709400 
009373609490 
009375509450 
009380509450 
009390009490 
009382009460 
009378109430 
003917709480 
009384109410 
082162012130 
009379009420 
009385909400 
009387909460 
009390209470 
009391509420 
009391109460 
009389709440 
009388709460 
009384509470 
009393509480 
009393309400 
009394109400 
009380809420 
009399609440 
009382709490 
009396709490 
009394009410 
017473307000 
009255209420 
009397909450 
009382909470 
009374909440 
009387709480 
009382409420 
009372109460 
009375409460 
009385609430 
009329609410 
009394209490 
009385109480 
009371009490 
009395409440 
009390809410 
041077406170 
009383109430 
009392109440 
009390909400 
009402609460 
009399909410 
009389009410 
009400709490 
009398209400 
009381309450 
009391009470 
009400909470 
009387809470 
009389909420 
009391909480 
009396809480 
009368709480 
009386209450 
009397409400 
009380409460 
009403709430 
009384609460 
009373109440 
009365109400 
009387109441 
136596010020 
009402209400 
009378009440 
009370609450 
081943212150 
009400009460 
009390509440 
009398509470 
009372009470 
009404309450 
009372909480 
009387409410 
054281006540 
009393009430 
009392409410 
009396609400 
009383809460 
009358509410 
009392809470 
009395609420 
009406209410 
009405909460 
009375909410 
009357709410 
009406709460 
009406009430 
009378309410 
009371109480 
009375109490 
009399409460 
082465112190 
009401109430 
009379609460 
009376109470 
009388109420 
009407909420 
008815009460 
009409009470 
009393409490 
009374009430 
009406609470 
009374409490 
009410009450 
009410809470 
009408009490 
009410209430 
009408309460 
009375609440 
009396909470 
009400109450 
009403409460 
009389309480 
009395109470 
009409109460 
009389509460 
009407109400 
009407809430 
009378809460 
009391409430 
009404109470 
009408809410 
009407609450 
009400609400 
009364009440 
009398009420 
009388609470 
009408209470 
009392909460 
009406109420 
009397309410 
009388409490 
009401509490 
009403309470 
009394309480 
009398109410 
009406809450 
009411009430 
009394509460 
009408709420 
009410309420 
009405409410 
009378709470 
009381409440 
017463707070 
009403209480 
009394709440 
009397809460 
008777209460 
009399309470 
009410609490 
009384209400 
009411409490 
009382809480 
009412609450 
009400809480 
009416109410 
009413309460 
009407709440 
009398809440 
009410409410 
009373809470 
009387209430 
009386309440 
009415209420 
